N_elements = 19
rot1 = {24.181414, 20.554443, 22.392771, 20.905157, 11.818586, 11.640723, 24.181414, 11.818586, 0.000000, 20.554443, 11.640723, 22.392771, 24.181414, 20.554443, 20.905157, 11.818586, 24.181414, 11.818586, 20.554443}
rot2 = {121.717474, 151.660033, -180.000000, 90.000000, 121.717474, 180.000000, 58.282526, 58.282526, -90.000000, 28.339967, -0.000000, -0.000000, -121.717474, -151.660033, -90.000000, -121.717474, -58.282526, -58.282526, -28.339967}
posx = {-0.333798, -0.478976, -0.590478, 0.000000, -0.166899, -0.312750, 0.333798, 0.166899, 0.000000, 0.478976, 0.312750, 0.590478, -0.333798, -0.478976, 0.000000, -0.166899, 0.333798, 0.166899, 0.478976}
posy = {0.540097, 0.258333, -0.000000, 0.553074, 0.270048, 0.000000, 0.540097, 0.270048, -0.000000, 0.258333, -0.000000, -0.000000, -0.540097, -0.258333, -0.553074, -0.270048, -0.540097, -0.270048, -0.258333}
posz = {1.413992, 1.451325, 1.433121, 1.447967, 1.517142, 1.518120, 1.413992, 1.517142, 1.550000, 1.451325, 1.518120, 1.433121, 1.413992, 1.451325, 1.447967, 1.517142, 1.413992, 1.517142, 1.451325}