N_elements = 45
rot1 = {36.000000, 31.270210, 39.675526, 30.033431, 39.601632, 31.717474, 36.000000, 32.252442, 31.270210, 24.181414, 30.033431, 20.554443, 31.717474, 22.392771, 32.252442, 20.905157, 11.818586, 11.640723, 24.181414, 11.818586, 0.000000, 20.554443, 11.640723, 22.392771, 39.675526, 39.601632, 36.000000, 31.270210, 39.675526, 30.033431, 39.601632, 36.000000, 32.252442, 31.270210, 24.181414, 30.033431, 20.554443, 32.252442, 20.905157, 11.818586, 24.181414, 11.818586, 20.554443, 39.675526, 39.601632}
rot2 = {58.282526, 38.973447, 24.985772, 17.931933, 8.592522, -0.000000, 121.717474, 101.640723, 141.026553, 121.717474, 162.068067, 151.660033, 180.000000, -180.000000, 78.359277, 90.000000, 121.717474, 180.000000, 58.282526, 58.282526, -90.000000, 28.339967, -0.000000, -0.000000, 155.014228, 171.407478, -58.282526, -38.973447, -24.985772, -17.931933, -8.592522, -121.717474, -101.640723, -141.026553, -121.717474, -162.068067, -151.660033, -78.359277, -90.000000, -121.717474, -58.282526, -58.282526, -28.339967, -155.014228, -171.407478}
posx = {0.478976, 0.625500, 0.896968, 0.738098, 0.976951, 0.814883, -0.478976, -0.166899, -0.625500, -0.333798, -0.738098, -0.478976, -0.814883, -0.590478, 0.166899, 0.000000, -0.166899, -0.312750, 0.333798, 0.166899, 0.000000, 0.478976, 0.312750, 0.590478, -0.896968, -0.976951, 0.478976, 0.625500, 0.896968, 0.738098, 0.976951, -0.478976, -0.166899, -0.625500, -0.333798, -0.738098, -0.478976, 0.166899, 0.000000, -0.166899, 0.333798, 0.166899, 0.478976, -0.896968, -0.976951}
posy = {0.775000, 0.506040, 0.417992, 0.238853, 0.147620, -0.000000, 0.775000, 0.810145, 0.506040, 0.540097, 0.238853, 0.258333, 0.000000, -0.000000, 0.810145, 0.553074, 0.270048, 0.000000, 0.540097, 0.270048, -0.000000, 0.258333, -0.000000, -0.000000, 0.417992, 0.147620, -0.775000, -0.506040, -0.417992, -0.238853, -0.147620, -0.775000, -0.810145, -0.506040, -0.540097, -0.238853, -0.258333, -0.810145, -0.553074, -0.270048, -0.540097, -0.270048, -0.258333, -0.417992, -0.147620}
posz = {1.253976, 1.324830, 1.192992, 1.341887, 1.194267, 1.318509, 1.253976, 1.310843, 1.324830, 1.413992, 1.341887, 1.451325, 1.318509, 1.433121, 1.310843, 1.447967, 1.517142, 1.518120, 1.413992, 1.517142, 1.550000, 1.451325, 1.518120, 1.433121, 1.192992, 1.194267, 1.253976, 1.324830, 1.192992, 1.341887, 1.194267, 1.253976, 1.310843, 1.324830, 1.413992, 1.341887, 1.451325, 1.310843, 1.447967, 1.517142, 1.413992, 1.517142, 1.451325, 1.192992, 1.194267}