N_elements = 19
rot1 = {90.000000, 90.000000, 80.405932, 90.000000, 79.966449, 90.000000, 79.966449, 90.000000, 80.405932, 69.607482, 69.094843, 69.607482, 99.594068, 100.033551, 100.033551, 99.594068, 110.392518, 110.905157, 110.392518}
rot2 = {-22.392771, -11.640723, -18.264276, 0.000000, -6.277805, 11.640723, 6.277805, 22.392771, 18.264276, -13.282526, 0.000000, 13.282526, -18.264276, -6.277805, 6.277805, 18.264276, -13.282526, 0.000000, 13.282526}
posx = {1.433121, 1.518120, 1.451325, 1.550000, 1.517142, 1.518120, 1.517142, 1.433121, 1.451325, 1.413992, 1.447967, 1.413992, 1.451325, 1.517142, 1.517142, 1.451325, 1.413992, 1.447967, 1.413992}
posy = {-0.590478, -0.312750, -0.478976, 0.000000, -0.166899, 0.312750, 0.166899, 0.590478, 0.478976, -0.333798, 0.000000, 0.333798, -0.478976, -0.166899, 0.166899, 0.478976, -0.333798, 0.000000, 0.333798}
posz = {0.000000, 0.000000, 0.258333, 0.000000, 0.270048, 0.000000, 0.270048, 0.000000, 0.258333, 0.540097, 0.553074, 0.540097, -0.258333, -0.270048, -0.270048, -0.258333, -0.540097, -0.553074, -0.540097}